********* mesure de gigue pour une periode de 100000000 ****************
99990700
99999155
100000145
100000919
100000436
99999103
100001009
99999251
100000869
99999005
100000511
99999052
100000623
99999531
100000208
99999984
99999666
100000451
100000322
99998900
99999970
100000347
100001526
100000017
99998203
100000919
100000585
100000379
100000630
99998023
99999586
100000370
100000057
100004581
99995982
100002731
99997155
100002088
100006049
99990805
100000453
100001257
99999276
100004221
99995231
100000055
99999789
100000169
100008397
99990880
100001686
99999171
100001121
99998591
100000228
99999573
100000258
99999203
100004717
99995953
100000350
99999435
100000218
100000282
100000090
100000092
100000262
99999151
100000258
100001330
100002260
99996345
99999258
100000631
99999764
100000693
100004284
99995389
100000107
100000338
100000229
100003069
100002575
99994229
100000104
99999484
100000853
99999985
100001761
99998997
100000731
99998821
100002741
99995877
99999844
100000804
100000267
99998738
100000415
la moyenne des differences de lancement est : 99999900.333333
l'ecart type  des differences de lancement est : 2609.194128

********* mesure de gigue pour une periode de 10000000 ****************
9972132
10000218
9997018
9997467
10003350
9997777
10002884
9997482
10001480
9999978
9994154
10004555
9995429
10006320
9999519
9996482
9997789
10009778
9996419
9995905
9997272
10006124
10020816
9979023
9997552
10002644
10000872
9998345
9996374
10005298
9994432
10006389
9995074
10010860
9992881
9998446
9999098
9998476
10003761
10003017
9994177
9998787
10007986
9996066
9996363
10004406
9998356
10004580
9996126
9996111
10004138
10001332
9995409
9997635
10004057
9997060
10008420
10014120
9980247
10001571
9996564
9998211
10002611
10000947
10002082
9993896
10002636
10008838
9994991
9996128
9996971
10006475
10004327
9996893
9996759
10001674
9999868
9998882
9998296
10004435
9995763
10003089
9996008
10002925
10000902
9996446
10002934
9994756
10006011
10001358
9992856
10001481
10015273
9988428
9995396
10001935
10003981
9995600
10002240
la moyenne des differences de lancement est : 9999683.868687
l'ecart type  des differences de lancement est : 6520.278657

********* mesure de gigue pour une periode de 1000000 ****************
938455
996120
1007844
988843
1007073
998285
999756
997866
1003400
998515
993863
999750
999022
1000380
1007065
1006086
987677
1000044
1002403
998302
1001653
996471
999808
1000197
1003151
1000345
996350
1000293
999753
1000004
1003958
996225
999829
1005236
995984
998917
999843
1000004
1007707
1000097
995498
996739
999934
1003214
996889
1003329
996476
1000290
999856
1000006
1006259
996465
1012473
991460
994185
999324
999822
999971
999836
1000207
999981
999987
999828
1002024
1003449
994812
1003911
996130
1003996
995881
999879
1000758
999375
999982
1002259
997871
999849
1000019
999813
1002187
1004975
993251
999897
1001108
1002034
1011275
988663
996992
999783
1000002
999848
1000147
1000014
1006732
995461
997984
1002410
1000319
997253
la moyenne des differences de lancement est : 999282.282828
l'ecart type  des differences de lancement est : 7387.508541

********* mesure de gigue pour une periode de 100000 ****************
87715
99339
99980
100012
99965
99993
102898
101289
100600
95653
99555
99998
100013
99981
100001
100046
99981
99981
99991
99996
104010
103554
94811
98986
100522
99918
100913
98014
101454
99994
99467
100539
100661
99887
100041
100317
97573
99384
100031
99936
99991
100459
100467
99991
100016
100755
99733
98885
100024
99928
99944
100118
100795
99793
102858
98994
100632
98620
101227
99617
100392
101524
170856
39726
95267
100910
89135
100059
101046
98813
100216
101711
99276
99675
100158
99327
99949
100085
101733
99187
100118
98394
100034
100151
99851
99978
99993
100047
99953
99998
100002
100005
99995
100004
99998
100016
99974
100008
99996
la moyenne des differences de lancement est : 99872.787879
l'ecart type  des differences de lancement est : 9575.247056

********* mesure de gigue pour une periode de 10000 ****************
12446
7063
1829
3099
9500
8628
10648
9273
2417
6395
2248
8277
2076
7094
9834
9849
8482
10651
10197
11929
11109
10363
6886
10338
9663
9456
10066
10193
9613
9765
10007
9944
10264
20188
9668
10110
9934
10307
9848
10001
9987
9707
10296
9943
9831
10204
9635
10601
9930
9719
10106
10187
9977
9987
9923
10074
9884
9900
10490
9746
9797
10024
10112
9914
10146
9995
9786
10344
9892
9961
9956
10279
9531
10084
9983
10083
9924
10209
9877
9866
10287
9909
10366
9623
9878
10504
9474
10152
9988
9955
10004
10209
9812
10201
9783
10029
10061
9962
9838
la moyenne des differences de lancement est : 9591.747475
l'ecart type  des differences de lancement est : 2122.171878

********* mesure de gigue pour une periode de 100000000 ****************
99988612
99998530
99998044
100001367
100002621
99997333
100003515
99995387
99999105
100000278
100004520
99996765
99998659
99999750
100000783
99999557
100004223
99996543
100002199
99996924
100000084
100000015
100004429
99996508
99999946
99999631
99999077
100002794
100000695
99998576
99998552
100002385
99997517
99999576
100003526
99998118
99998678
100000264
99999724
99999705
100005341
99997794
100227906
99769367
99999495
100000220
100005502
99998109
99997632
99999156
99999722
99999706
100001081
100003042
99996685
99999832
100000102
100000753
99998528
100003470
99996753
99999884
100000345
99999648
100000012
100003233
99997688
99998615
100000534
100000085
99999780
100004451
99996080
99999640
100000023
100000203
99999789
100005760
99994933
99999164
100006146
99997366
99997291
100001825
99997897
99999378
100000346
100000329
99999577
100004478
99995836
99999437
100000209
100000005
99999933
100003864
99996946
100003013
99996256
la moyenne des differences de lancement est : 99999845.555556
l'ecart type  des differences de lancement est : 32698.348936

